722,6
722,5
722,4
722,3
722,2
722,1
4294967294,82
4294967278,427
4294967279,361
720,6
720,5
720,4
720,3
720,2
720,1
4294967294,1016
717,6
717,5
717,4
717,3
717,2
717,1
4294967279,545
4294967279,529
714,6
714,5
714,4
714,3
714,2
714,1
4294967279,222
4294967279,331
4294967294,397
4294967278,422
711,5
711,4
711,3
711,2
711,1
709,6
709,5
709,4
709,3
709,2
709,1
4294967294,0
706,4
706,3
706,2
706,1
705,5
705,4
705,3
705,2
705,1
4294967294,43
4294967294,417
4294967294,26
4294967279,360
703,6
703,5
703,4
703,3
703,2
703,1
702,5
702,4
702,3
702,2
702,1
701,4
701,3
701,2
701,1
700,5
700,4
700,3
700,2
700,1
698,4
698,3
698,2
698,1
4294967279,328
4294967279,356
4294967279,355
4294967278,365
4294967278,423
4294967279,358
4294967279,251
697,6
697,5
697,4
697,3
697,2
697,1
695,6
695,5
695,4
695,2
695,1
4294967294,998
4294967294,94
4294967294,96
692,6
692,5
692,4
692,3
692,2
692,1
4294967278,426
4294967294,118
4294967294,468
4294967278,159
689,6
689,5
689,4
689,2
689,1
4294967294,8
4294967278,425
4294967278,144
4294967278,142
4294967278,424
686,5
686,4
686,3
686,2
686,1
4294967279,359
684,6
684,5
684,4
684,2
684,1
4294967294,93
4294967294,95
681,4
681,3
681,2
681,1
4294967294,1092
680,5
680,4
680,3
680,2
680,1
4294967279,215
678,6
678,5
678,4
678,3
678,2
678,1
4294967278,204
677,5
677,4
677,3
677,2
677,1
676,4
676,3
676,2
676,1
675,5
4294967294,1101
675,4
675,3
675,2
675,1
4294967278,182
4294967294,402
673,4
673,3
673,2
673,1
4294967294,173
4294967279,244
4294967294,436
4294967294,1418
4294967294,83
109,5
122,4
107,4
107,5
115,6
112,6
4294967293,131
4294967293,130
4294967293,129
4294967293,128
4294967293,127
4294967293,126
4294967293,125
4294967293,124
4294967293,123
4294967293,122
4294967293,121
4294967293,120
4294967293,119
4294967293,118
4294967293,117
4294967293,116
4294967293,115
4294967293,114
4294967293,113
4294967293,112
4294967293,111
4294967293,110
4294967293,109
4294967293,108
4294967293,107
4294967293,106
4294967293,105
4294967293,104
4294967293,103
4294967293,102
4294967293,101
4294967293,100
4294967293,99
4294967293,98
4294967293,97
4294967293,96
4294967293,95
4294967293,94
4294967293,93
4294967293,92
4294967293,91
4294967293,90
4294967293,89
4294967293,87
4294967293,86
4294967293,85
4294967293,84
4294967293,83
4294967293,82
4294967293,81
4294967293,80
4294967293,79
4294967293,78
4294967293,77
4294967293,76
4294967293,75
4294967293,74
4294967293,73
4294967293,72
4294967293,71
4294967293,70
4294967293,69
4294967293,68
4294967293,67
4294967293,66
4294967293,65
4294967293,64
4294967293,63
4294967293,62
4294967293,61
4294967293,60
4294967293,59
4294967293,58
4294967293,57
4294967293,56
4294967293,55
4294967293,54
4294967293,53
4294967293,52
4294967293,51
4294967293,50
4294967293,49
4294967293,48
4294967293,47
4294967293,46
4294967293,45
4294967293,44
4294967293,43
4294967293,42
4294967293,41
4294967293,40
4294967293,39
4294967293,38
4294967293,37
4294967293,36
4294967293,35
4294967293,34
4294967293,33
4294967293,32
4294967293,31
4294967293,30
4294967293,29
4294967293,28
4294967293,27
4294967293,26
4294967293,25
4294967293,24
4294967293,23
4294967293,22
4294967293,21
4294967293,20
4294967293,19
4294967293,18
4294967293,17
4294967293,16
4294967293,15
4294967293,14
4294967293,13
4294967293,12
4294967293,11
4294967293,10
4294967293,9
4294967293,8
4294967293,7
4294967293,6
4294967293,5
4294967293,4
4294967293,3
4294967278,421
4294967278,367
4294967278,36
4294967278,34
4294967278,32
4294967278,31
4294967278,30
4294967278,29
4294967278,27
4294967278,25
4294967278,20
4294967278,19
4294967278,18
4294967278,17
4294967278,15
4294967278,6
4294967278,5
4294967278,4
4294967279,132
4294967279,131
4294967279,127
4294967279,123
4294967279,122
4294967279,121
4294967279,120
4294967279,70
4294967279,68
4294967279,67
4294967279,66
4294967279,65
4294967279,63
4294967279,62
4294967279,61
4294967279,60
4294967279,59
4294967279,57
4294967279,56
4294967279,55
4294967279,54
4294967279,53
4294967279,52
4294967279,51
4294967279,50
4294967279,49
4294967279,48
4294967279,46
4294967279,45
4294967279,40
4294967279,37
4294967279,35
4294967279,34
4294967279,32
4294967279,30
4294967279,27
4294967279,26
4294967279,24
4294967279,22
4294967279,44
4294967279,533
4294967279,43
4294967279,42
4294967279,41
4294967278,152
4294967279,38
4294967279,39
4294967279,31
4294967279,29
672,6
4294967279,329
672,5
672,4
672,3
672,2
672,1
670,6
670,5
670,4
670,2
670,1
4294967294,481
4294967278,418
667,6
667,5
4294967279,209
667,4
667,3
667,2
667,1
4294967279,208
4294967279,198
4294967278,221
664,6
664,5
664,4
664,2
664,1
4294967278,394
4294967279,353
661,5
661,4
661,3
661,2
661,1
4294967278,154
4294967279,330
659,6
659,5
659,4
659,2
659,1
4294967278,139
4294967278,138
4294967279,277
656,4
656,3
656,2
656,1
655,5
655,4
655,3
655,2
655,1
4294967279,319
4294967279,318
653,6
653,5
653,4
653,3
653,2
653,1
4294967278,410
4294967294,480
652,5
652,4
652,3
652,2
652,1
651,4
4294967278,222
651,3
651,2
651,1
650,5
650,4
650,3
650,2
650,1
648,4
648,3
648,2
648,1
4294967294,461
4294967294,162
4294967279,64
4294967279,58
4294967279,357
4294967279,69
4294967279,182
4294967278,155
647,6
4294967278,148
647,5
647,4
647,3
647,2
647,1
4294967278,143
4294967278,366
4294967278,386
4294967278,420
4294967278,392
4294967278,33
4294967278,174
4294967278,419
4294967279,47
4294967279,36
4294967279,33
4294967279,23
4294967278,28
4294967279,28
4294967279,25
4294967278,133
645,6
645,5
645,4
645,2
645,1
4294967279,266
4294967294,479
642,6
642,5
642,4
642,3
642,2
642,1
4294967278,417
4294967278,232
4294967279,223
4294967294,412
639,6
639,5
639,4
639,2
639,1
4294967278,207
4294967278,206
4294967279,205
4294967279,203
636,5
636,4
636,3
636,2
636,1
634,6
634,5
634,4
634,2
634,1
4294967278,405
631,4
631,3
631,2
631,1
630,5
630,4
630,3
630,2
630,1
4294967279,327
628,6
628,5
628,4
628,3
628,2
628,1
4294967294,478
627,5
627,4
627,3
627,2
627,1
626,4
626,3
626,2
626,1
4294967278,231
625,5
625,4
625,3
625,2
625,1
4294967294,415
4294967294,167
4294967294,116
623,4
623,3
623,2
623,1
4294967279,311
4294967279,310
4294967294,163
4294967278,357
4294967279,308
4294967279,214
4294967279,307
4294967279,202
622,6
622,5
622,4
622,3
622,2
622,1
620,6
620,5
620,4
620,2
620,1
4294967294,477
4294967278,169
4294967278,168
4294967279,325
617,6
617,5
617,4
617,3
617,2
617,1
4294967278,416
614,6
614,5
614,4
614,2
614,1
4294967278,415
4294967278,391
4294967278,389
4294967279,519
611,5
611,4
611,3
611,2
611,1
4294967278,388
4294967279,231
609,6
609,5
609,4
609,2
609,1
606,4
606,3
606,2
606,1
4294967278,390
4294967279,304
605,5
605,4
605,3
605,2
605,1
603,6
603,5
603,4
603,3
603,2
603,1
4294967294,476
4294967278,341
4294967279,535
602,5
602,4
602,3
602,2
602,1
601,4
601,3
601,2
601,1
4294967294,453
4294967294,472
600,5
600,4
600,3
600,2
600,1
4294967279,303
4294967294,1006
598,4
598,3
598,2
598,1
4294967279,301
4294967279,300
4294967278,280
4294967278,22
4294967278,16
4294967278,14
4294967278,13
4294967279,130
4294967279,124
4294967279,541
4294967279,118
4294967279,264
4294967278,268
4294967278,11
4294967278,8
597,6
597,5
597,4
597,3
597,2
597,1
4294967279,119
4294967279,243
4294967279,241
595,6
595,5
595,4
595,2
595,1
4294967278,387
4294967279,227
4294967278,294
4294967294,409
4294967294,396
4294967294,403
4294967294,463
4294967279,217
4294967279,299
4294967279,347
4294967279,306
4294967278,414
4294967278,205
4294967294,1008
4294967294,1090
4294967279,204
592,6
592,5
592,4
592,3
592,2
592,1
4294967279,298
4294967278,384
4294967279,187
4294967279,181
4294967279,180
589,6
589,5
589,4
589,2
589,1
4294967278,255
4294967279,548
4294967278,252
4294967278,166
4294967278,162
4294967278,413
586,5
586,4
586,3
586,2
586,1
4294967278,249
4294967279,297
4294967278,330
584,6
584,5
584,4
584,2
584,1
4294967279,224
4294967279,262
581,4
581,3
581,2
581,1
4294967294,995
580,5
580,4
580,3
580,2
580,1
578,6
578,5
578,4
578,3
578,2
578,1
4294967294,458
4294967279,295
577,5
4294967279,225
577,4
577,3
577,2
577,1
4294967278,245
4294967279,211
576,4
4294967279,210
576,3
576,2
576,1
4294967279,294
4294967279,207
4294967279,206
575,5
575,4
575,3
575,2
575,1
4294967279,201
4294967278,197
573,4
573,3
573,2
573,1
4294967279,193
4294967294,170
4294967278,291
4294967279,558
4294967279,290
4294967279,354
4294967278,243
4294967278,172
4294967278,170
4294967278,241
4294967278,167
4294967278,239
4294967278,165
572,6
4294967294,191
572,5
572,4
572,3
572,2
572,1
4294967279,289
4294967278,346
570,6
570,5
570,4
570,2
570,1
4294967279,552
4294967279,133
4294967279,282
4294967279,348
567,6
567,5
567,4
567,3
567,2
567,1
564,6
564,5
564,4
564,2
564,1
4294967294,1421
561,5
561,4
561,3
561,2
561,1
4294967278,223
4294967279,286
559,6
559,5
559,4
559,2
559,1
4294967279,285
4294967294,185
4294967294,182
556,4
556,3
556,2
556,1
555,5
555,4
555,3
555,2
555,1
4294967279,522
4294967279,148
553,6
4294967278,146
553,5
553,4
553,3
553,2
553,1
552,5
552,4
552,3
552,2
552,1
4294967278,134
4294967278,324
4294967279,279
4294967278,274
4294967278,273
551,4
551,3
551,2
551,1
4294967279,515
4294967278,267
550,5
4294967279,258
550,4
550,3
550,2
550,1
548,4
548,3
548,2
548,1
4294967278,217
4294967278,215
4294967278,318
4294967278,315
4294967279,517
547,6
4294967279,284
547,5
547,4
547,3
547,2
547,1
545,6
545,5
545,4
545,2
545,1
542,6
542,5
542,4
542,3
542,2
542,1
4294967279,278
4294967279,352
4294967278,362
4294967279,534
4294967278,361
539,6
539,5
539,4
539,2
539,1
4294967279,257
4294967279,254
536,5
536,4
536,3
536,2
536,1
4294967278,320
4294967279,274
4294967278,311
534,6
534,5
534,4
534,2
534,1
4294967278,310
4294967278,228
4294967278,358
4294967294,475
4294967278,213
531,4
531,3
531,2
531,1
4294967278,211
4294967294,444
4294967294,418
4294967279,351
